54 51 44 43 40 37 32 19 16 15 18 13 17 12 13 15 14 12 13 11 10 11 12 9 9 12 12 11 14 12 11 6 12 17 15 18 15 22 28 33 18 26 35 39 116 213 187 178 178 179 175 184 223 221 206 220 218 235 252 251 250 244 247 246 248 252 255 142 45 42 20 24 19 16 15 20 21 19 18 20 20 16 18 16 144 255 254 250 204 189 243 250 252 230 176 180 205
45 46 53 41 35 35 31 28 20 16 18 15 11 13 16 15 11 12 11 12 13 13 13 12 11 12 11 14 10 9 10 9 8 12 13 15 11 24 25 26 26 19 32 38 85 192 187 197 179 166 184 164 192 206 205 210 215 237 251 251 252 253 254 254 255 255 223 72 30 47 20 17 13 13 20 20 17 18 20 19 18 17 20 22 46 209 255 238 191 201 242 251 251 232 176 168 209
44 42 42 46 40 44 37 36 28 18 15 13 11 13 14 10 11 11 19 15 11 12 11 10 12 10 11 12 15 13 9 13 9 9 13 14 15 18 23 24 27 21 28 40 70 175 186 206 195 183 167 147 161 199 205 207 221 238 251 252 252 253 254 255 254 255 141 33 26 34 25 23 17 15 17 18 17 17 21 18 14 16 17 17 11 100 252 217 181 193 238 252 253 229 178 156 196
48 49 45 44 45 43 40 36 33 21 21 17 17 10 13 13 11 9 13 13 11 11 10 9 13 8 10 10 11 16 11 14 9 15 12 13 15 16 19 22 33 30 24 37 69 175 206 203 201 192 168 135 147 190 213 213 228 246 252 254 253 253 254 254 255 228 68 32 33 23 23 17 16 17 16 18 20 16 18 18 14 11 17 16 13 26 197 211 187 189 230 250 252 227 160 140 192
52 49 50 44 51 47 42 44 38 30 26 20 20 14 12 12 11 11 12 10 12 11 12 11 14 7 10 12 12 13 11 10 12 13 13 11 14 10 16 26 24 24 23 38 49 133 200 204 200 179 175 150 143 179 227 230 243 249 253 255 254 251 253 254 255 148 37 36 26 21 24 14 16 16 13 13 17 13 14 17 16 12 19 17 14 12 105 208 215 198 219 246 245 212 149 130 180
49 41 50 50 49 45 42 41 44 35 34 21 24 19 18 13 14 15 13 12 13 16 12 12 13 7 9 15 12 9 11 11 15 13 10 9 14 13 13 25 22 22 24 37 43 86 186 213 202 187 149 169 182 195 224 243 249 251 254 254 253 251 253 255 231 83 32 25 28 19 22 15 21 22 14 13 17 14 15 15 14 14 15 14 13 14 51 192 217 203 211 237 232 191 160 140 169
50 41 53 44 39 37 34 39 39 30 33 32 26 24 21 14 9 12 12 13 10 13 15 11 10 10 10 10 15 10 13 11 14 13 11 9 10 16 16 17 23 27 24 34 45 64 180 217 207 181 160 183 210 211 224 242 247 249 254 254 253 244 246 250 127 38 36 27 31 13 21 18 15 21 26 16 13 12 13 14 15 14 7 14 15 17 14 167 222 189 203 229 204 175 177 160 157
47 45 37 46 42 37 36 37 38 38 31 31 28 24 19 13 9 12 14 13 12 16 13 12 11 10 8 8 7 11 11 13 11 12 13 15 9 11 14 16 21 20 26 39 40 45 160 207 208 199 168 185 203 213 215 233 241 250 255 255 253 226 241 202 40 47 32 20 17 27 28 17 31 111 35 12 15 17 16 15 13 16 14 11 16 18 12 126 234 172 183 214 180 167 181 171 158
47 40 43 42 49 48 36 37 41 34 43 35 31 30 22 23 15 13 15 12 8 17 8 10 13 15 8 9 8 10 12 10 11 10 10 14 11 12 15 14 17 25 25 38 44 40 134 204 203 191 166 192 210 211 210 219 233 253 255 255 245 206 242 139 26 40 31 16 28 64 30 16 50 219 42 12 17 11 13 14 13 14 15 17 16 25 18 70 228 153 155 183 162 182 170 167 161
46 49 39 37 46 38 37 42 51 43 32 33 34 19 27 26 17 17 15 12 14 9 16 13 13 13 13 12 10 8 10 8 9 10 11 12 12 11 13 12 18 35 35 31 48 36 105 182 195 189 192 208 219 206 202 213 241 255 255 255 228 199 241 81 27 36 25 34 60 43 12 15 21 78 22 15 11 14 16 14 16 15 11 11 16 14 9 38 219 153 133 145 140 159 153 168 178
45 46 48 36 34 40 44 34 31 36 28 36 35 38 25 24 24 18 19 16 11 14 8 11 14 16 14 13 11 8 13 10 11 8 10 10 9 12 15 13 15 15 19 29 50 52 88 181 194 203 198 218 226 201 202 215 247 255 253 244 197 211 229 56 26 30 37 64 45 35 15 11 17 13 13 12 16 17 12 12 17 16 12 13 11 13 13 22 177 167 142 146 131 156 176 197 208
47 43 48 42 37 33 35 39 35 37 25 35 35 29 27 29 27 23 23 17 14 12 13 8 10 8 8 10 9 10 12 10 12 11 10 11 8 14 14 14 11 18 26 27 32 46 75 158 195 213 199 204 215 201 198 225 253 254 253 218 178 226 190 29 34 42 87 40 46 30 15 18 15 12 14 15 10 12 14 13 12 14 16 10 13 13 16 22 146 173 143 146 125 178 205 216 217
38 38 37 41 38 35 44 44 36 43 42 40 29 26 28 30 31 23 23 20 15 13 18 14 15 12 10 16 14 10 10 9 13 11 13 10 9 8 9 11 13 12 17 29 28 41 62 142 200 200 185 176 189 189 200 246 253 255 244 182 175 243 152 20 36 98 72 35 66 17 14 11 11 15 18 13 11 11 13 12 14 11 15 11 12 8 13 10 106 174 143 141 145 199 218 236 230
42 43 49 42 42 45 36 42 32 39 39 28 33 31 27 25 36 28 21 18 20 13 13 12 11 10 7 13 14 11 10 9 13 14 6 10 10 10 10 9 11 12 15 31 27 40 59 120 182 179 167 162 184 192 221 252 254 253 219 155 194 251 124 19 97 86 25 56 28 12 16 12 12 13 14 11 14 11 14 13 15 13 14 14 14 11 15 12 95 187 171 176 178 214 234 249 236
43 46 48 39 48 48 42 47 40 38 38 36 36 45 33 34 28 27 21 21 20 14 13 14 11 16 13 10 11 11 8 9 9 12 11 9 7 12 10 12 11 14 16 30 34 32 54 107 161 165 166 176 194 205 235 254 253 248 193 184 209 246 108 55 112 37 53 30 11 13 14 13 14 14 15 10 17 18 18 17 13 11 14 10 11 14 15 14 85 195 179 188 204 229 243 251 237
39 39 41 47 40 44 44 36 32 38 33 30 32 36 32 33 29 34 29 25 22 22 13 12 11 11 12 14 9 12 11 8 9 8 10 8 10 11 13 14 13 16 13 24 30 21 36 77 155 156 149 173 186 208 236 254 253 225 175 204 230 242 88 83 76 48 38 15 15 13 12 14 12 14 11 12 12 21 20 17 12 13 9 9 10 15 18 14 71 194 200 192 210 235 247 251 235
44 49 48 44 45 49 40 34 34 35 29 30 30 23 27 25 32 37 29 28 28 21 19 14 13 10 10 14 9 9 12 11 11 9 10 11 9 11 16 11 11 16 15 22 28 22 28 63 146 148 151 173 184 210 230 248 228 206 202 204 226 227 102 89 52 36 20 16 14 14 12 10 10 18 19 16 12 13 14 13 15 9 10 12 15 18 18 13 61 176 189 184 215 238 248 249 221
39 51 46 40 42 48 41 39 34 37 28 26 27 27 25 19 37 32 35 33 24 23 20 18 14 11 10 13 8 10 11 9 8 10 9 12 9 9 12 12 11 11 13 21 25 26 25 50 119 163 176 176 176 198 216 218 197 181 202 212 217 219 143 58 38 28 19 14 10 12 12 13 10 23 20 14 12 11 14 14 14 12 14 13 12 17 21 16 45 155 165 176 222 245 251 247 206
39 46 40 32 42 37 35 46 43 37 33 33 28 26 29 31 34 34 40 31 30 23 20 19 15 13 12 15 11 9 10 9 12 8 10 11 9 9 10 11 10 11 13 14 21 25 25 27 97 178 190 173 184 199 214 195 175 188 204 199 200 201 94 53 55 28 14 10 11 10 14 16 15 17 15 11 14 14 14 17 13 16 15 11 9 13 29 24 35 141 161 182 232 249 250 241 190
45 46 42 39 41 44 35 45 42 40 33 33 22 26 33 37 29 37 34 33 30 23 25 20 13 11 18 15 11 12 10 10 13 13 6 8 6 12 13 8 11 11 14 11 15 25 20 30 102 176 188 178 179 193 211 193 186 201 197 203 184 180 42 43 47 33 15 12 11 13 11 16 13 15 11 15 10 11 14 16 13 15 14 10 12 13 26 25 42 164 201 191 232 250 252 238 178
44 51 44 45 49 50 45 38 38 38 34 26 28 27 30 27 24 34 33 27 31 22 25 19 16 14 15 15 10 9 10 7 12 14 11 7 9 11 15 11 11 9 13 15 11 18 21 31 71 167 214 181 183 192 198 200 189 163 205 221 193 154 41 51 40 27 11 12 13 13 11 13 16 16 12 11 14 10 14 14 13 12 11 9 14 18 26 20 46 194 218 203 229 250 254 234 178
42 42 56 54 46 35 40 41 32 23 25 22 24 26 29 32 30 37 34 29 36 29 20 15 14 11 10 13 7 10 17 13 18 12 9 10 10 12 9 8 7 10 15 15 10 20 21 24 55 147 215 190 173 189 196 200 167 178 210 218 177 134 25 44 47 23 22 11 13 12 12 10 12 9 10 10 14 13 12 10 10 12 10 13 13 17 21 22 59 205 221 212 217 250 253 215 171
45 46 46 41 45 40 33 22 22 23 16 18 20 21 22 25 18 25 32 26 27 26 24 30 17 13 13 17 14 11 13 9 10 10 12 10 10 11 11 11 10 11 17 16 12 17 13 21 37 111 197 199 182 191 196 181 157 176 223 224 153 116 24 38 39 23 16 8 13 13 14 9 12 19 17 12 12 9 10 13 15 13 15 13 12 16 12 24 65 218 224 207 202 245 252 187 167
55 44 34 38 39 37 31 26 27 30 29 25 21 20 23 25 24 24 28 30 27 27 24 21 23 15 11 11 11 12 14 9 10 10 11 13 12 9 9 11 12 10 12 13 14 13 15 14 26 92 178 202 190 164 171 175 159 202 240 213 163 137 21 40 40 26 16 15 11 13 10 13 10 10 14 11 14 10 9 11 12 15 13 13 13 12 14 8 70 226 223 197 179 234 239 152 155
49 50 48 42 38 41 21 29 27 26 19 18 19 19 20 18 20 21 29 30 30 25 19 20 21 12 12 14 10 10 10 11 10 12 10 8 11 9 10 13 8 9 10 14 16 9 17 17 20 68 162 195 183 181 171 178 167 233 242 214 167 159 26 37 35 21 13 15 9 11 9 9 8 12 12 12 13 8 11 13 14 13 12 18 14 14 19 18 86 227 228 201 173 193 197 124 151
49 36 50 39 29 42 25 27 22 24 18 19 25 23 22 20 24 24 28 28 30 32 27 17 19 18 13 9 10 14 8 6 10 12 8 12 11 9 9 13 9 8 9 12 14 9 14 18 19 45 141 204 196 199 193 185 204 242 236 213 184 200 45 31 32 20 19 11 11 13 11 12 11 10 12 11 8 11 11 13 13 13 13 15 15 9 16 13 92 238 248 227 201 160 137 127 143
45 35 35 34 31 34 29 35 24 26 24 17 24 25 25 33 29 20 19 21 28 30 23 23 18 18 12 12 12 17 11 14 9 8 10 16 13 12 9 11 10 10 10 12 13 10 13 20 19 34 112 204 205 214 204 218 239 238 229 198 193 208 43 24 26 16 27 16 25 18 13 12 14 12 14 13 14 16 12 14 13 12 9 14 14 15 16 10 117 246 255 246 241 174 129 144 165
46 38 34 34 35 34 27 30 21 27 22 21 25 28 25 27 32 22 17 17 26 27 23 21 22 20 19 15 13 12 12 12 10 8 10 9 12 7 9 11 8 9 10 10 14 12 11 15 12 22 100 182 194 201 200 225 247 227 206 175 201 216 55 19 20 19 37 18 19 23 16 15 14 8 10 14 13 15 11 10 11 10 11 12 14 16 13 8 131 253 254 254 252 184 152 157 181
38 36 37 35 42 31 33 27 28 22 28 26 24 25 23 20 28 30 30 17 16 22 28 24 23 18 14 14 12 11 10 11 9 8 10 10 10 8 8 10 11 8 10 11 10 13 10 13 16 19 59 149 195 192 197 225 244 219 180 176 213 234 84 24 23 44 24 11 12 10 20 14 11 11 10 12 12 12 10 10 10 12 12 13 15 17 18 22 176 255 253 254 250 186 173 162 181
29 32 34 33 35 32 38 36 27 21 30 30 26 27 31 27 23 24 23 22 18 24 27 23 22 17 16 16 13 12 11 10 9 11 9 10 10 9 10 9 11 13 9 9 12 15 11 12 14 15 36 123 178 191 209 226 234 184 173 197 215 252 110 18 43 55 14 13 16 13 14 15 11 10 9 9 12 14 14 15 15 12 11 14 15 17 17 34 218 255 254 254 248 181 176 177 196
30 30 33 36 34 39 36 36 28 30 31 29 30 32 37 34 30 27 21 23 16 17 25 20 24 21 21 17 13 17 10 12 11 8 11 7 13 12 10 10 10 11 12 8 10 12 12 12 20 16 25 96 167 197 218 234 235 196 189 193 218 255 150 34 74 31 13 14 14 10 11 12 11 12 9 9 11 10 15 13 12 18 20 12 15 18 13 61 245 255 255 255 248 205 186 191 212
26 31 30 34 30 34 33 35 34 34 35 32 41 33 30 32 28 28 24 22 16 20 24 31 23 22 17 16 14 19 13 9 9 9 9 10 12 12 8 10 11 9 12 8 10 12 10 11 14 16 21 82 167 202 226 245 238 217 200 170 222 255 184 87 67 23 14 13 12 11 10 15 12 12 9 10 11 10 11 13 13 17 14 10 14 17 9 98 255 255 255 255 251 214 222 206 224
28 36 29 43 32 30 32 40 35 32 43 32 36 35 30 35 30 27 24 29 24 16 16 32 20 28 14 14 13 17 18 10 10 12 10 10 9 12 10 9 11 11 9 7 15 12 12 11 12 19 16 65 152 199 231 247 243 221 198 169 222 255 228 75 18 15 20 20 11 10 11 15 13 12 11 11 11 10 12 16 20 12 13 13 10 12 13 144 255 255 255 255 252 240 252 221 216
33 28 30 35 33 38 29 28 34 32 35 32 44 40 37 40 32 27 27 24 25 20 22 23 19 19 17 17 13 9 16 12 9 9 11 11 7 12 9 11 15 12 9 7 10 8 10 11 15 13 14 36 129 183 218 238 240 230 218 195 228 254 244 66 25 19 39 15 8 13 13 17 16 7 10 13 7 12 16 14 14 14 13 10 12 20 19 182 255 255 255 255 254 255 254 228 213
23 31 36 39 31 24 35 29 39 46 39 30 35 27 30 30 22 28 29 24 18 24 15 17 21 18 18 20 17 9 13 12 9 8 7 10 10 13 8 12 12 13 10 8 10 10 10 12 12 14 16 28 122 180 194 223 241 248 237 220 225 247 247 101 19 35 31 14 16 13 11 9 14 9 13 12 10 10 12 16 15 16 16 9 15 15 31 211 254 255 255 255 254 254 253 225 221
31 27 22 29 32 33 36 36 40 34 39 33 31 37 28 28 26 28 27 29 22 20 14 21 17 20 16 21 15 13 12 15 11 9 8 7 9 9 10 16 13 8 8 11 12 12 13 10 14 13 11 16 96 174 187 201 229 248 241 233 210 217 214 160 35 58 16 12 12 13 14 15 22 13 8 9 9 16 21 18 15 16 17 16 13 10 86 227 251 255 255 254 253 253 248 229 241
32 28 27 34 27 31 37 33 35 39 30 28 31 38 31 30 30 29 25 28 24 26 27 16 16 19 18 12 13 12 11 12 10 9 10 10 6 11 8 7 9 11 10 8 6 6 10 12 10 13 13 18 65 152 184 200 221 244 240 230 223 202 211 219 63 30 28 10 10 10 8 24 19 9 10 11 12 16 12 17 18 20 14 13 15 7 141 226 247 255 255 254 250 236 224 239 254
35 28 31 29 25 32 31 33 34 29 33 24 27 32 35 32 23 27 21 21 19 33 19 17 14 16 14 16 15 12 8 13 14 10 11 11 9 8 10 6 8 12 11 7 8 7 13 10 10 6 10 10 48 137 180 193 209 227 219 220 238 233 235 228 118 11 29 26 9 7 17 31 11 10 10 10 16 17 17 20 16 17 15 13 17 38 186 206 225 251 254 255 244 211 216 252 255
32 26 30 27 35 24 30 27 32 28 26 30 26 19 26 26 35 30 28 27 23 17 20 17 18 22 26 24 16 14 9 12 12 8 10 8 11 9 11 11 9 7 13 9 9 9 8 7 8 9 10 12 34 118 184 193 205 206 192 215 240 245 246 227 193 28 18 29 27 18 26 22 9 11 8 9 15 18 18 19 17 18 20 15 5 117 175 202 194 227 254 251 227 198 228 255 255
26 23 23 26 27 28 28 27 32 28 28 26 23 21 24 31 21 30 24 25 26 21 26 22 17 23 25 16 16 12 13 12 12 8 9 9 6 13 11 11 9 9 12 11 9 9 9 12 13 12 8 13 21 88 165 192 208 200 182 218 244 249 250 230 225 66 12 12 16 15 13 10 9 9 11 9 11 19 19 18 19 14 15 15 23 160 177 211 195 213 236 228 205 190 237 255 254
26 24 23 28 30 36 34 31 33 25 31 26 19 23 32 24 25 30 26 35 29 23 25 20 20 15 26 24 19 18 12 14 15 11 9 10 8 10 9 9 7 11 9 9 9 10 9 12 10 9 9 14 16 78 153 185 215 197 202 234 246 249 248 224 225 154 17 19 17 12 14 8 10 10 8 8 14 19 24 20 25 15 18 10 99 187 236 219 202 201 192 210 190 175 242 255 254
23 25 26 27 25 25 32 25 26 25 24 26 18 23 23 22 29 24 28 23 22 21 26 20 17 23 23 20 22 22 15 10 13 14 12 11 9 8 12 11 9 11 9 10 12 9 9 10 8 8 11 12 15 55 135 178 206 188 217 241 245 248 240 219 206 221 52 18 16 11 18 13 13 10 13 6 18 20 23 26 22 17 14 27 172 207 255 220 206 217 188 203 184 174 233 255 255
25 23 27 28 27 26 24 19 20 22 22 21 22 26 20 24 22 20 21 25 26 24 26 18 21 25 21 17 20 22 15 13 15 11 10 8 9 9 10 12 11 11 9 13 10 8 9 9 11 10 9 10 13 36 129 167 188 180 212 237 244 242 229 209 191 246 165 15 20 16 12 10 14 12 12 10 12 22 28 22 17 16 12 121 156 228 255 223 211 226 203 193 172 180 209 232 229
24 24 24 28 27 23 22 26 19 21 23 18 25 23 21 23 22 24 24 24 27 28 24 20 23 23 19 22 18 17 19 13 12 8 9 7 9 10 9 7 8 10 9 10 7 9 8 8 9 9 10 12 17 25 103 161 160 158 201 230 237 238 218 207 203 246 223 50 15 15 10 11 11 12 11 13 14 19 25 24 18 13 47 176 125 227 252 205 192 232 212 190 177 183 185 178 207
23 27 23 23 28 25 24 21 22 20 21 15 13 17 20 23 21 29 27 21 18 23 26 20 21 19 18 20 18 21 21 13 11 11 8 9 8 14 6 9 10 8 8 10 11 10 10 10 10 12 9 8 14 15 89 170 158 154 192 218 231 236 214 213 224 246 246 112 11 9 14 13 9 11 11 14 12 14 15 24 15 22 140 132 123 216 236 194 187 235 217 185 175 185 176 180 197
24 22 26 25 22 22 15 22 22 21 20 23 24 25 22 22 22 21 22 28 23 21 26 17 17 16 20 22 24 18 21 16 13 9 11 11 9 12 8 9 10 9 8 9 10 9 9 10 10 9 7 8 15 16 83 158 175 175 201 220 230 232 213 208 221 248 232 80 20 14 10 11 14 12 12 11 11 11 13 18 11 80 172 112 128 172 206 193 193 228 218 186 183 183 171 174 185
24 24 30 31 19 15 18 20 19 27 27 32 31 23 25 23 23 22 22 24 20 20 22 25 23 20 19 23 24 18 24 17 14 9 9 10 9 12 11 11 8 10 8 10 8 11 9 7 10 10 9 11 12 13 59 139 173 182 213 223 229 229 209 206 217 249 211 51 23 14 10 7 109 59 5 11 13 16 15 10 10 113 125 137 143 144 166 183 205 225 207 191 182 178 170 176 178
22 18 21 23 20 17 23 22 30 29 29 27 21 27 17 16 18 22 21 19 21 20 20 21 25 15 18 21 18 22 22 17 15 9 12 10 12 12 11 10 13 12 8 8 13 11 11 8 8 11 9 13 11 17 32 126 179 191 217 228 228 225 208 185 206 248 187 39 27 30 13 6 137 60 7 12 13 9 8 19 15 94 126 191 165 126 128 156 190 206 206 195 181 181 180 191 190
26 23 22 24 21 22 21 27 35 29 24 20 19 26 19 18 22 21 27 20 23 24 23 20 25 20 17 20 18 24 25 22 13 9 10 9 9 13 12 10 8 9 12 9 9 8 7 12 11 9 7 7 11 14 32 103 170 208 215 229 221 225 222 201 190 251 134 26 31 13 20 21 127 39 7 10 9 10 13 12 10 86 142 220 179 121 114 138 173 191 201 210 195 183 183 204 196
22 24 22 18 15 20 30 36 31 21 20 12 13 14 14 21 21 25 18 21 20 21 20 18 24 22 20 23 20 28 30 20 16 11 9 12 10 13 10 10 9 9 8 9 8 8 7 11 11 14 12 8 12 12 20 94 170 226 229 220 217 226 232 220 208 247 151 14 26 22 8 31 27 16 12 11 11 11 12 13 14 53 163 237 171 124 124 117 158 191 210 203 193 191 178 204 190
23 24 22 23 23 21 30 36 21 14 11 11 10 9 11 12 15 18 16 25 28 23 21 17 23 23 26 23 27 20 18 19 18 14 12 12 11 9 9 13 16 13 9 10 9 11 14 12 10 10 12 14 9 12 18 84 154 219 224 214 211 219 228 227 213 241 221 45 17 27 28 11 15 20 11 13 19 16 11 9 12 44 179 223 164 110 126 137 156 186 209 194 177 195 179 197 175
22 22 21 17 23 29 21 22 16 12 8 11 13 13 12 10 13 10 14 18 22 26 21 22 23 22 26 24 24 23 23 24 20 16 12 14 11 9 10 6 8 12 9 10 9 10 10 10 13 10 7 8 10 11 12 71 155 210 218 212 228 219 221 223 215 242 225 84 5 25 20 14 11 22 15 17 23 19 19 19 11 94 197 216 169 122 121 143 156 196 209 175 164 178 166 195 177
26 19 22 22 24 21 13 14 16 10 14 12 15 19 9 10 15 10 10 14 17 15 16 17 20 21 28 24 24 24 23 22 26 19 13 11 12 8 8 8 11 10 9 11 12 8 8 10 10 6 8 8 8 11 13 44 130 178 219 214 243 223 198 217 228 240 213 93 10 24 16 18 10 14 20 18 21 24 17 10 31 158 205 212 185 121 123 164 186 219 212 164 144 156 164 181 197
25 21 18 22 29 27 12 13 17 9 14 8 9 17 18 13 10 12 11 10 12 16 15 21 23 32 26 21 26 22 26 23 20 16 19 15 16 11 9 10 14 12 11 11 7 6 11 10 11 8 10 8 8 9 11 37 126 178 192 213 248 227 188 204 225 246 201 109 12 17 17 13 12 10 14 14 14 15 12 10 68 189 205 199 175 128 128 161 206 235 209 159 127 131 145 169 192
20 22 23 24 22 18 15 18 17 9 13 12 12 13 19 17 12 11 9 9 12 22 19 19 25 25 28 24 26 20 24 23 21 21 16 15 16 8 7 11 9 11 10 10 9 11 12 8 10 13 7 8 6 7 11 37 112 164 189 219 246 232 202 216 236 247 204 111 17 18 15 15 11 8 11 15 15 13 13 8 90 189 200 182 169 127 111 155 221 235 190 130 127 122 138 143 175
28 23 28 22 16 15 19 21 12 61 25 12 10 11 15 22 14 12 10 9 15 14 25 23 23 26 28 25 26 25 28 24 23 24 14 14 12 9 9 8 9 8 13 8 7 8 11 9 8 11 6 7 9 8 9 23 123 158 185 217 232 229 211 226 245 249 209 115 16 16 12 20 19 12 15 18 13 13 14 15 136 188 200 176 141 124 107 155 217 220 152 130 142 135 147 146 147
26 23 28 18 14 22 27 16 13 28 14 11 8 11 14 21 15 10 12 8 15 15 27 26 25 39 32 27 25 24 21 25 27 21 21 14 12 12 9 11 10 9 6 11 10 7 10 8 9 10 7 8 9 10 9 10 105 160 177 204 220 211 214 224 247 245 201 121 21 17 11 9 20 12 13 23 13 14 10 32 157 186 182 161 137 125 123 162 211 183 118 128 150 146 154 164 157
25 29 23 16 13 23 30 14 15 10 6 13 11 13 11 17 19 17 20 15 22 26 18 32 27 26 32 37 27 25 26 28 25 22 21 13 13 13 10 15 9 9 9 10 11 7 7 10 10 8 8 8 8 10 11 10 106 175 200 194 207 202 211 225 244 240 198 121 20 22 13 13 15 9 9 19 13 14 10 42 146 175 181 166 129 113 119 158 202 156 154 152 151 161 175 172 172
29 25 22 14 18 39 30 15 13 10 10 16 14 8 9 16 24 27 27 24 28 25 26 33 36 28 31 35 31 25 23 27 26 20 15 11 14 12 11 11 12 11 8 11 10 9 8 7 9 13 20 12 9 10 13 11 89 157 194 192 195 207 206 216 235 222 195 129 27 36 11 12 16 12 11 18 12 15 11 55 137 159 170 162 110 131 127 146 165 178 220 198 156 165 179 172 181
23 20 15 13 27 31 32 11 13 13 10 8 10 14 20 22 35 33 33 35 39 32 30 27 29 29 28 27 36 23 25 28 22 19 15 13 11 13 12 12 8 9 7 7 7 8 7 12 15 23 25 24 27 9 11 4 54 149 198 199 192 198 203 208 226 203 184 150 34 33 12 8 14 22 35 16 11 12 10 68 156 157 170 151 106 155 149 129 183 228 235 218 183 182 153 166 171
23 16 14 18 18 25 23 13 18 10 8 14 14 18 26 35 32 33 36 38 37 29 35 29 27 37 38 35 26 28 24 25 23 26 22 16 10 13 12 10 13 11 9 9 7 11 11 15 19 27 31 33 24 12 13 9 26 135 182 202 203 201 193 192 210 191 185 153 46 32 12 11 22 36 24 13 17 16 4 97 166 149 174 149 98 164 154 148 224 245 245 219 190 182 156 158 167
30 12 16 18 24 34 24 14 15 17 19 21 29 35 28 29 33 36 35 31 35 35 29 39 35 39 31 34 27 22 26 21 31 18 16 16 12 11 10 9 10 11 14 11 9 12 13 16 30 30 28 23 23 21 13 11 21 131 194 210 193 215 175 172 190 199 197 129 29 25 14 22 23 11 9 12 14 13 7 92 169 158 164 125 99 171 156 168 240 247 248 218 189 193 164 150 161
40 32 26 29 32 29 25 25 28 37 44 45 39 41 38 38 28 32 32 26 29 37 34 33 40 40 31 34 30 25 27 22 22 24 20 13 11 16 10 9 11 11 12 7 9 11 15 22 24 23 24 20 25 23 13 13 8 103 183 204 180 210 177 142 179 181 194 126 39 31 27 36 17 11 13 15 24 17 6 100 166 151 136 123 127 181 143 166 246 250 244 212 177 178 165 154 171
46 49 44 52 38 36 32 35 40 44 36 36 42 38 38 33 34 29 31 34 40 39 36 36 38 28 34 41 30 29 28 29 30 28 23 12 9 13 14 12 10 9 11 9 9 12 23 18 20 18 14 22 24 20 24 11 10 86 175 189 176 201 182 134 165 159 184 106 27 18 24 17 9 12 8 14 25 11 8 108 148 128 108 108 154 191 186 168 235 251 237 206 167 166 170 157 191
30 32 39 46 41 41 41 45 37 34 35 36 31 30 37 28 28 29 30 28 40 32 36 31 27 28 40 33 28 25 24 21 28 26 25 18 10 11 8 11 12 11 8 10 8 14 30 33 19 12 15 15 14 17 16 13 13 42 151 173 178 191 189 142 152 153 198 110 31 17 17 12 10 10 15 23 18 9 11 101 145 110 67 116 174 186 219 171 222 252 225 174 167 177 173 157 205
35 32 30 40 42 42 34 38 38 38 31 28 33 25 21 26 28 24 24 35 40 40 39 38 31 38 30 28 32 26 25 23 32 24 20 17 12 14 11 10 8 9 9 7 9 14 19 18 14 18 17 15 15 12 15 16 11 25 131 141 157 177 188 155 145 157 204 109 58 61 21 11 13 11 16 21 11 15 11 104 175 109 65 134 182 186 231 176 200 250 203 144 168 184 172 161 226
31 31 30 31 36 28 27 31 34 35 30 29 35 24 19 22 19 25 37 49 37 40 38 37 37 34 40 33 27 23 21 25 22 24 16 17 12 12 9 12 9 12 7 13 10 14 19 16 12 13 15 10 11 16 16 15 10 16 118 122 150 150 175 160 141 130 213 93 47 30 15 13 13 13 14 11 10 13 9 96 169 152 97 141 178 174 219 164 180 242 183 149 178 191 181 168 229
30 33 32 30 25 27 24 25 26 27 22 27 23 15 17 19 30 31 37 39 43 40 32 33 32 29 31 31 30 28 25 25 20 22 24 19 16 13 11 9 12 11 9 13 10 14 16 14 14 15 15 13 15 16 14 20 13 16 83 121 129 145 157 155 145 141 212 76 34 20 20 14 13 13 10 11 12 15 17 105 171 174 171 180 175 172 208 180 155 209 197 180 196 204 178 163 229
30 32 35 39 30 31 31 29 25 26 27 23 23 18 29 39 41 37 47 44 42 46 39 41 30 28 29 28 27 28 24 21 22 22 24 23 15 11 16 10 12 10 8 8 11 14 14 13 14 14 14 14 13 18 13 16 12 9 63 112 118 131 146 150 139 138 201 67 29 26 21 15 12 12 14 15 11 16 16 129 171 181 211 213 174 168 195 185 135 162 206 212 199 202 170 169 213
40 40 36 41 36 29 27 25 19 18 21 22 25 39 39 41 47 39 43 53 48 43 33 31 37 29 38 28 27 27 23 20 23 28 18 19 14 11 11 13 11 13 14 13 10 12 12 14 16 15 16 13 12 17 15 17 12 8 48 110 116 122 147 159 139 133 173 56 30 22 15 18 12 10 12 16 15 12 15 179 189 170 209 224 184 168 189 172 123 150 220 229 214 210 176 192 203
43 49 38 33 43 38 27 25 27 28 29 40 44 38 37 42 49 48 41 43 45 51 41 29 32 35 33 29 30 24 24 27 23 24 21 16 13 10 13 14 13 14 11 11 14 17 17 14 14 16 21 13 15 13 12 18 11 10 29 107 110 97 112 173 163 136 153 49 32 30 24 22 16 12 12 16 14 12 12 196 233 173 210 222 184 165 165 148 123 152 228 244 238 219 180 190 207
32 48 39 39 45 45 32 43 39 36 40 42 50 36 43 48 56 51 55 49 46 47 38 34 35 37 30 30 25 28 23 21 24 17 22 17 10 12 13 13 13 13 9 15 16 19 15 13 17 20 20 18 17 16 19 20 11 13 19 95 103 107 114 151 168 148 144 56 36 28 27 28 41 10 14 17 13 17 19 195 255 211 193 206 183 174 161 145 128 158 225 248 251 230 184 194 207
38 34 45 43 44 47 46 47 41 45 41 47 45 46 42 40 42 42 43 50 43 36 38 34 31 34 32 29 25 23 25 24 24 18 20 19 11 12 11 12 10 13 15 11 12 9 10 16 15 17 23 12 15 15 15 16 19 15 17 79 110 127 149 141 158 155 132 50 23 11 13 12 34 21 12 12 12 17 26 198 255 241 194 181 172 171 153 147 138 149 227 253 254 234 192 179 189
42 34 37 53 45 43 48 43 38 46 48 49 48 43 44 39 50 54 45 50 44 50 48 30 31 35 35 33 27 24 31 25 18 24 20 19 14 13 13 19 13 10 11 11 12 15 9 15 16 14 17 20 18 15 18 18 17 10 13 72 113 138 149 139 140 159 119 58 35 26 24 15 18 20 20 11 13 16 37 199 255 252 215 159 170 175 167 185 164 150 223 253 253 237 210 175 186
38 48 45 39 47 50 50 38 51 57 54 62 56 50 57 62 51 44 51 51 48 45 47 43 33 38 34 34 32 29 31 28 26 22 25 20 19 11 13 19 12 15 10 14 13 17 16 14 18 19 14 15 21 18 18 20 16 10 13 66 145 142 139 138 127 139 110 59 22 20 34 16 18 26 25 14 11 16 21 187 255 250 219 157 166 183 192 208 192 157 224 249 249 234 224 188 197
42 35 47 55 61 45 50 53 55 59 48 55 53 54 54 50 51 51 59 55 55 45 43 46 40 38 35 33 23 21 23 28 28 21 20 16 14 17 12 14 14 13 11 11 11 12 12 11 12 18 15 17 13 11 17 15 21 16 12 47 125 148 138 140 112 148 110 63 34 7 23 19 31 24 16 16 17 14 16 178 255 250 221 174 181 198 200 211 200 165 210 245 230 220 223 216 244
38 42 41 47 45 56 44 54 51 54 54 64 64 52 59 58 53 49 56 50 55 58 38 37 34 33 32 25 30 28 31 23 25 22 21 21 11 10 13 16 17 15 8 9 12 15 9 11 14 17 15 15 14 16 12 15 17 11 11 32 107 134 129 116 137 136 102 67 35 7 15 15 10 27 25 13 15 14 18 164 255 238 198 177 205 205 198 198 206 178 194 223 222 239 245 252 255
43 37 45 41 51 52 66 61 70 59 59 50 57 54 61 55 68 58 53 55 54 49 51 45 40 46 36 39 34 30 28 27 18 24 20 16 12 14 10 11 14 14 8 11 12 14 14 12 16 15 16 19 16 17 16 17 27 10 10 26 92 133 137 139 150 145 94 76 44 14 12 11 13 18 23 9 10 15 8 149 251 214 183 191 205 215 212 187 204 209 225 242 250 254 255 255 255
32 49 48 49 51 48 52 48 58 59 68 60 56 50 61 68 59 62 65 48 48 46 40 42 40 41 26 29 38 27 26 22 23 24 23 17 13 11 11 11 12 12 10 12 12 11 13 11 16 18 16 16 18 18 16 14 19 14 13 21 92 133 155 162 168 134 65 71 45 21 14 31 19 13 23 17 14 16 11 137 246 191 177 188 203 217 221 230 237 248 253 254 254 254 254 255 255
29 42 48 46 51 42 64 59 47 59 63 54 62 69 58 60 68 56 46 53 62 45 43 37 40 34 39 35 33 31 23 25 21 21 22 18 16 12 13 14 13 12 11 12 12 13 14 16 13 22 22 19 22 20 16 16 18 15 9 21 95 148 178 190 192 143 53 75 44 24 15 146 35 12 18 18 11 13 11 102 228 184 194 197 211 235 248 254 253 254 254 254 254 254 254 255 255
36 36 42 47 57 51 59 59 64 60 66 63 64 67 65 57 64 66 58 58 48 40 40 50 44 30 43 31 31 32 25 22 25 25 21 16 11 11 11 10 12 10 11 15 15 13 19 14 11 17 20 16 29 19 15 17 21 16 12 11 83 140 177 201 207 146 81 69 49 19 17 60 27 12 15 18 15 14 13 64 202 186 213 234 245 255 254 254 254 254 255 254 255 255 255 255 255
32 29 38 40 53 53 56 55 63 63 64 69 65 60 63 66 68 61 54 58 53 49 48 47 46 32 38 27 31 32 29 23 24 24 21 17 13 11 7 13 14 12 11 13 13 14 18 15 18 15 21 22 24 22 17 14 23 16 11 11 67 124 193 219 228 96 62 72 60 40 17 16 18 16 16 20 15 14 15 31 178 220 245 254 255 254 255 255 255 255 255 255 255 255 255 255 255
31 26 37 41 51 48 55 50 57 66 62 74 71 59 62 59 61 62 61 53 49 48 44 44 40 42 40 32 30 29 26 30 24 24 22 18 15 15 10 12 11 13 12 11 11 15 15 13 20 17 19 23 24 21 19 22 22 16 10 10 63 135 201 231 229 44 36 53 69 52 17 14 19 18 20 19 17 16 17 30 179 255 255 254 255 255 255 255 255 255 255 255 255 255 255 255 255
34 36 32 36 44 49 48 47 58 66 70 65 60 64 63 64 66 55 62 44 52 49 49 42 39 42 38 32 33 31 29 26 29 28 18 19 17 15 12 8 10 8 10 12 16 17 16 14 17 17 22 26 27 22 21 25 28 21 11 14 47 132 193 245 206 28 34 32 50 64 28 13 18 17 18 23 20 16 20 21 150 255 255 255 255 255 255 255 255 255 255 255 255 255 255 255 255
40 34 31 33 33 48 42 61 64 61 59 66 63 53 60 62 52 53 51 56 56 56 42 41 43 41 37 35 36 29 25 29 23 25 24 23 18 12 9 8 14 12 13 17 15 12 16 16 16 14 23 27 26 23 14 18 23 21 9 7 35 126 202 255 149 23 35 25 43 49 45 13 22 22 16 20 21 15 20 26 133 255 254 255 255 255 255 255 255 255 255 255 255 255 255 255 255
37 30 26 33 36 47 46 49 55 50 59 54 62 58 59 64 70 54 53 51 38 44 48 33 34 26 31 31 35 33 28 26 28 24 23 27 18 13 13 13 15 14 12 9 10 15 14 17 16 16 21 23 23 24 16 17 31 21 10 10 23 125 236 241 73 28 42 26 25 37 45 20 11 21 20 15 26 12 21 26 103 252 254 254 255 255 255 255 255 255 255 255 255 255 255 255 255
29 27 27 43 40 31 42 45 41 45 48 66 64 49 52 59 53 55 47 57 59 44 46 43 38 41 27 33 31 30 32 26 34 30 16 23 19 13 12 16 14 15 12 12 17 13 15 12 12 22 25 24 23 34 25 18 29 21 12 15 16 157 255 168 29 29 25 27 35 39 50 37 8 13 27 21 29 12 16 25 59 224 255 254 255 255 255 255 255 255 255 255 255 255 255 255 255
27 30 20 25 36 37 41 40 42 49 47 48 56 65 57 54 58 50 57 63 43 48 46 49 38 37 37 43 32 26 24 21 24 32 31 19 20 13 8 11 13 13 13 13 9 10 15 12 11 11 14 20 18 28 25 21 22 17 10 8 27 214 232 86 17 22 27 22 28 28 37 24 10 11 21 25 23 19 15 26 43 168 255 254 255 255 255 255 255 255 255 255 255 255 254 254 252
28 23 17 35 41 38 47 39 50 44 55 58 54 50 48 56 58 54 51 50 58 46 40 42 44 37 34 31 30 30 29 23 22 22 19 24 17 12 8 12 8 10 14 11 15 12 17 12 14 16 17 18 19 27 24 23 30 17 11 11 12 162 136 54 22 29 24 21 39 29 34 31 33 11 18 23 21 20 18 21 29 101 245 252 255 254 254 254 254 254 253 252 251 250 249 244 242
28 24 19 21 36 40 34 37 37 44 50 47 47 49 54 63 53 45 42 49 49 43 41 52 36 32 36 34 27 30 27 29 24 23 24 24 16 13 10 10 16 16 12 8 10 14 13 10 12 12 12 17 17 28 22 21 23 16 14 9 8 45 63 60 42 43 41 32 33 21 26 27 30 15 19 20 21 19 19 22 36 44 166 255 255 253 250 250 249 245 240 237 241 238 230 229 222
23 21 23 24 34 38 36 32 36 34 43 45 47 48 52 52 51 54 46 46 40 40 44 30 39 29 31 32 25 30 25 24 29 21 23 23 17 12 14 11 11 13 11 12 11 12 16 13 17 17 18 12 17 22 23 25 25 16 10 8 13 34 57 59 25 25 29 34 37 30 24 32 25 20 20 21 21 17 23 27 32 40 88 233 249 239 238 231 230 231 224 218 228 221 216 211 200
23 17 16 27 39 40 31 39 34 38 49 42 45 40 50 51 51 54 52 47 48 49 43 36 31 30 33 33 26 30 25 21 27 31 25 23 24 13 11 13 20 11 11 12 14 13 15 13 10 15 17 15 25 28 23 22 22 11 11 11 12 25 45 38 16 25 27 21 29 90 57 34 29 14 18 24 21 22 31 40 55 60 117 220 254 223 221 214 212 213 214 221 232 235 235 234 236
17 13 16 21 37 36 31 34 31 35 40 49 42 47 51 48 57 47 52 52 58 44 47 43 35 30 29 24 29 28 28 22 25 24 29 24 21 12 14 17 13 13 12 11 12 14 14 12 11 14 14 16 22 33 24 17 20 11 11 11 15 23 51 40 17 23 28 32 47 51 41 22 39 22 28 27 16 16 18 21 31 32 46 103 194 240 221 221 225 233 239 246 251 251 253 253 253
17 16 16 24 37 36 36 30 31 41 35 44 40 44 43 53 48 41 50 43 43 43 39 38 38 33 29 28 34 32 24 19 26 24 22 25 19 12 11 16 11 11 11 12 11 21 14 11 16 14 18 23 32 37 28 15 14 11 9 11 11 19 48 41 26 27 22 56 44 17 23 20 39 32 32 24 17 15 13 21 21 17 26 30 51 124 230 250 249 252 254 254 254 254 254 254 254
16 18 15 27 34 27 28 31 27 37 37 47 41 42 45 50 37 50 52 44 50 43 37 33 30 31 27 27 29 26 27 27 32 29 25 22 22 14 13 17 13 12 10 11 13 18 15 13 13 12 20 24 26 37 33 19 14 9 10 13 13 22 52 38 26 30 45 71 15 21 30 20 26 38 31 11 18 15 13 16 18 21 33 42 41 67 227 255 254 255 255 255 255 255 255 255 255
15 19 21 26 35 32 31 38 40 32 38 47 46 41 42 46 46 47 51 54 42 45 36 41 34 31 24 31 22 24 28 28 29 28 26 17 22 17 18 20 14 12 10 12 14 12 16 12 11 14 18 25 21 35 34 24 15 7 11 12 12 22 41 31 14 29 65 36 10 26 28 16 19 36 42 18 18 13 16 14 17 20 26 30 33 62 230 255 255 255 255 255 255 255 255 255 255
20 18 21 29 28 33 34 40 46 39 38 38 50 45 39 39 45 51 44 57 44 41 39 42 31 34 33 32 24 27 28 25 23 23 22 19 22 18 18 16 15 12 15 11 18 16 17 13 13 16 15 21 19 32 27 17 10 8 10 10 10 17 38 46 33 52 53 33 10 22 18 15 20 46 44 24 17 16 15 12 16 20 20 22 27 66 234 255 255 255 255 255 255 255 255 255 255
